LA92Short "Unified" Dynamometer Driving Schedule
Test TimVehicle Speed, mph
0              0
1              0
2              0
3              0
4              0
5              0
6              0
7              0
8              0
9              0
10             0
11             0
12             0
13             0
14             0
15             0
16             0
17             0
18             0
19             0
20             0
21             0
22             0
23             0
24             0
25             0
26             0
27             0
28             0
29             0
30           1.2
31           4.2
32           7.3
33           8.8
34          10.8
35          12.3
36          13.1
37          12.3
38          12.3
39          11.5
40          11.5
41          11.1
42          11.1
43          11.1
44          13.1
45            15
46          16.9
47          16.9
48          16.1
49          15.7
50          15.4
51            15
52          13.8
53          10.8
54           8.4
55           6.1
56           4.2
57           3.5
58           3.5
59           1.5
60             0
61             0
62             0
63             0
64             0
65             0
66             0
67             0
68             0
69             0
70             0
71             0
72           1.2
73           3.5
74           7.7
75          11.1
76          13.8
77          16.5
78          18.4
79          20.4
80          20.7
81          19.6
82          17.3
83          12.3
84           8.1
85           6.1
86           9.6
87          12.7
88          15.7
89            18
90          20.4
91          21.9
92          23.4
93          23.8
94          24.6
95            25
96          26.1
97          26.1
98          26.9
99          26.9
100         26.9
101         26.5
102         25.7
103         21.9
104         16.5
105           10
106          4.6
107          1.5
108          0.4
109            0
110            0
111            0
112            0
113            0
114            0
115            0
116            0
117          0.4
118          1.2
119          1.9
120          3.8
121          7.7
122         11.5
123         14.6
124           18
125         21.5
126           25
127         28.4
128         30.7
129         31.9
130         32.3
131         32.3
132         31.9
133         30.3
134           28
135         24.2
136           20
137         16.1
138         11.5
139          8.1
140            5
141          3.5
142          1.9
143            0
144            0
145            0
146            0
147            0
148            0
149            0
150            0
151            0
152          1.5
153          6.9
154         12.7
155         16.5
156           20
157           23
158         25.7
159           28
160         30.7
161         32.6
162         34.2
163         35.3
164         36.9
165         36.9
166         37.2
167         37.6
168         37.6
169         37.6
170         37.2
171         37.2
172         36.9
173         36.5
174         36.5
175         34.9
176         33.4
177         31.9
178         29.2
179           25
180           25
181         26.1
182         27.6
183         29.2
184         31.1
185         32.3
186         34.2
187         34.9
188         35.7
189         36.5
190         36.9
191         36.9
192         37.2
193         37.6
194         37.2
195         37.6
196           38
197         38.4
198         39.2
199         39.6
200         39.9
201         40.7
202         40.3
203         41.1
204         41.1
205         40.7
206         31.9
207         23.9
208         15.9
209          7.9
210          2.7
211          0.4
212          0.4
213          2.7
214          3.8
215          3.8
216          1.5
217            0
218            0
219            0
220            0
221            0
222            0
223            0
224            0
225            0
226            0
227            0
228            0
229            0
230            0
231            0
232            0
233            0
234            0
235            0
236            0
237            0
238            0
239            0
240            0
241            0
242            0
243            0
244            0
245            0
246            0
247          1.5
248            5
249          8.8
250         11.5
251         14.2
252         15.4
253         16.1
254         16.1
255         16.9
256         16.5
257         16.9
258           18
259         19.2
260         20.4
261         20.4
262         21.1
263         21.1
264         22.3
265           23
266         23.8
267         24.2
268         24.6
269           25
270         25.7
271         25.7
272         26.5
273         27.6
274         28.4
275         29.2
276         30.3
277         31.1
278         31.1
279         30.7
280         31.1
281         29.6
282         29.2
283         29.2
284         28.8
285           28
286           23
287         21.1
288         21.5
289         20.7
290         20.7
291         19.6
292         16.5
293         13.1
294          9.6
295          7.3
296          3.8
297          0.8
298            0
299            0
300            0
301            0
302            0
303            0
304            0
305            0
306            0
307            0
308            0
309            0
310            0
311            0
312            0
313            0
314            0
315            0
316            0
317            0
318            0
319            0
320            0
321            0
322          0.4
323          2.7
324          7.3
325         11.5
326         15.4
327         18.4
328         20.7
329         24.2
330         26.9
331         29.6
332         31.1
333         32.6
334         33.8
335         34.9
336         36.9
337         39.2
338         41.1
339           43
340         43.8
341         44.5
342         45.3
343         45.3
344         44.9
345         44.5
346         43.8
347         43.4
348         42.6
349         41.9
350         41.5
351         40.7
352         40.3
353         41.1
354         41.5
355         42.6
356         43.4
357         44.2
358         44.9
359         45.7
360         46.5
361         46.8
362         47.2
363           48
364         47.6
365         48.4
366           48
367         47.2
368         46.1
369         45.7
370         44.9
371         44.2
372         43.8
373         44.5
374         44.9
375         45.3
376         46.5
377           48
378         48.8
379         49.5
380         49.9
381         49.9
382         49.9
383         49.5
384         49.5
385         48.8
386         48.8
387         48.8
388         48.4
389         48.8
390         49.5
391         50.3
392         50.7
393         51.8
394         52.6
395         53.4
396         54.1
397         55.3
398         55.3
399         56.1
400         56.4
401         56.4
402         56.4
403         57.2
404         56.8
405         57.6
406         57.6
407         57.6
408           58
409           58
410         58.4
411         58.4
412         58.8
413         59.1
414         58.8
415         58.8
416           58
417           58
418         57.6
419         57.6
420         57.6
421         57.6
422         57.6
423         59.1
424         59.5
425         59.9
426         60.3
427         60.3
428         61.1
429         60.3
430         59.9
431         59.5
432         59.1
433         59.1
434         59.5
435         59.5
436         59.5
437         59.9
438         60.3
439         60.7
440         60.7
441         61.4
442         61.8
443         61.8
444         61.8
445         61.8
446         61.1
447         60.7
448         60.3
449         60.3
450         60.3
451         59.5
452         58.8
453         59.1
454         58.8
455         58.8
456         58.8
457         58.4
458           58
459           58
460           58
461         58.4
462         59.1
463         59.5
464         59.9
465         59.9
466         60.3
467         61.1
468         61.1
469         61.1
470         61.4
471         61.4
472         61.1
473         60.7
474         59.9
475         59.1
476         59.1
477         59.1
478         59.9
479         59.5
480         59.9
481         58.8
482           58
483         57.6
484         56.8
485         56.1
486         55.3
487         54.1
488         52.6
489         49.2
490         46.1
491           43
492         37.2
493         29.6
494         21.5
495         16.5
496         15.7
497         18.4
498         21.5
499           25
500         27.3
501         29.2
502         30.7
503         31.5
504         31.1
505         31.1
506         30.3
507           30
508           30
509         29.6
510           30
511         28.8
512         28.8
513           28
514         28.4
515           28
516         28.4
517         28.4
518         28.8
519         28.4
520         28.4
521           28
522         26.5
523         24.2
524         22.7
525         20.4
526         17.7
527         15.7
528         13.1
529         10.8
530          8.4
531          7.3
532            5
533          3.8
534          3.5
535          1.9
536          0.8
537            0
538            0
539            0
540          0.8
541          1.9
542          3.8
543          6.9
544          9.6
545         11.1
546         11.1
547         10.4
548          8.8
549          9.2
550           10
551         10.4
552         10.4
553          5.4
554          1.9
555            0
556            0
557            0
558            0
559            0
560            0
561            0
562            0
563            0
564            0
565            0
566            0
567            0
568            0
569            0
570            0
571            0
572            0
573            0
574            0
575            0
576            0
577            0
578            0
579            0
580            0
581          0.4
582          1.5
583          3.5
584          6.1
585         10.4
586         14.2
587         16.9
588         19.2
589           20
590         21.5
591         23.4
592         24.6
593         24.2
594           20
595         16.9
596         13.4
597         13.4
598         15.7
599         18.4
600         21.1
601         23.4
602         25.3
603         27.6
604         28.8
605         30.3
606         30.7
607         31.5
608         31.1
609         31.1
610         30.3
611         30.3
612         30.3
613         30.7
614         31.1
615         32.3
616         32.6
617         32.6
618         32.6
619         31.1
620         26.9
621         22.3
622           18
623         13.8
624          9.6
625          4.6
626          6.1
627           10
628         14.2
629         17.3
630           20
631         21.5
632         22.3
633         22.3
634         22.3
635         22.3
636           23
637           23
638         22.7
639         22.3
640         21.9
641         22.7
642         23.8
643           25
644         25.3
645         25.7
646         26.5
647         26.9
648         27.3
649           28
650         29.2
651           30
652           30
653         29.6
654         29.6
655         28.8
656         28.4
657           28
658         27.3
659         25.7
660         24.6
661           25
662         26.5
663           28
664         29.6
665         30.7
666         32.3
667           33
668         34.2
669         34.6
670         35.3
671         36.1
672         36.1
673         36.9
674         36.9
675         37.6
676         37.6
677         38.4
678           38
679         37.6
680         37.6
681         37.2
682         36.9
683         36.1
684         35.7
685         36.1
686         35.7
687         35.7
688         35.7
689         36.1
690         36.1
691         35.7
692         35.7
693         34.9
694         34.6
695         34.2
696         33.8
697         33.4
698           33
699         30.3
700         29.2
701         28.4
702           25
703         21.1
704         16.9
705         13.4
706         13.1
707         12.3
708         12.7
709         15.7
710         19.2
711         22.3
712         24.6
713         25.7
714         26.5
715         26.5
716         26.9
717         27.3
718         27.3
719         27.6
720         28.4
721         28.8
722         28.8
723         29.2
724         28.8
725         28.8
726           28
727           28
728         27.6
729         26.5
730         24.6
731         20.7
732         16.5
733           15
734         14.2
735         14.2
736         13.8
737         13.8
738         11.9
739          8.4
740          4.2
741          1.2
742            0
743            0
744            0
745            0
746            0
747            0
748            0
749            0
750            0
751            0
752            0
753            0
754            0
755            0
756            0
757            0
758            0
759            0
760            0
761            0
762            0
763            0
764            0
765            0
766            0
767            0
768            0
769            0
770            0
771            0
772          1.5
773          5.4
774          9.2
775         11.5
776         14.6
777         17.3
778         19.2
779         21.1
780         20.7
781         20.7
782         19.6
783         18.4
784         16.9
785         16.9
786         16.5
787         16.9
788         16.9
789         16.9
790         17.3
791         19.2
792         20.4
793         21.1
794         22.3
795         22.3
796         22.7
797         22.3
798         22.7
799         22.3
800         23.8
801         25.7
802         27.6
803         29.6
804           30
805         29.2
806         27.6
807           25
808         23.8
809         23.4
810         24.2
811         23.4
812           23
813         20.4
814         18.8
815         17.3
816           15
817         13.1
818          9.2
819          6.9
820          4.6
821          4.6
822          4.6
823          4.2
824          5.4
825          4.6
826          3.5
827          2.3
828          2.3
829          1.9
830          3.1
831          6.1
832          4.6
833          2.7
834          2.3
835          2.3
836          3.1
837          4.2
838          3.5
839          3.8
840          4.2
841          3.5
842          3.5
843          3.5
844          4.6
845          5.8
846          3.5
847          0.8
848          3.5
849          3.8
850          2.3
851            0
852          1.2
853          6.9
854         13.8
855         18.8
856         23.8
857         27.3
858         30.7
859         33.8
860         37.6
861         40.7
862         43.8
863         46.1
864           48
865         49.5
866         51.5
867           53
868         54.5
869         55.7
870         56.8
871           58
872         59.1
873         60.3
874         61.1
875         61.8
876         61.8
877         61.8
878         61.8
879         62.6
880         63.4
881           63
882           63
883         62.6
884         61.8
885         61.8
886         62.2
887         62.2
888         62.6
889         63.7
890         64.5
891         64.9
892           66
893           66
894         66.8
895         66.4
896         66.8
897         67.2
898         66.4
899         66.4
900           66
901         65.7
902         65.7
903         66.4
904           66
905         65.7
906         65.3
907         65.3
908         64.5
909         64.5
910         64.1
911         63.7
912         63.7
913         63.7
914         64.5
915         64.5
916         64.9
917         64.5
918         64.1
919         64.9
920         65.3
921         65.3
922         65.3
923         64.1
924         63.4
925           63
926         63.4
927         64.1
928         64.9
929         65.3
930         64.5
931         64.1
932         63.4
933         63.7
934         63.4
935         63.4
936         63.4
937         63.4
938         63.7
939         64.5
940         65.3
941         64.9
942         63.7
943           63
944         59.9
945         55.3
946         50.7
947         49.2
948           48
949         46.1
950         44.2
951         41.1
952         39.9
953         36.1
954         32.6
955         29.2
956         24.6
957         20.7
958         19.2
959         16.5
960           15
961         11.9
962          9.6
963          8.4
964          5.8
965          1.2
966            0
967            0
968            0
969            0